cbf-------------------------
6.5482 13.0963 0.3920 0.8701 0.2450 0.2984 0.2317 1.3044 0.6238 0.7438
6.7027 13.4054 0.4506 0.8944 0.2846 0.2486 0.4870 1.2719 0.4986 0.6986
6.4763 12.9526 0.3947 0.8308 0.2192 0.2462 0.5448 1.5629 0.5828 0.5558
7.0708 14.1415 0.5472 0.8689 0.3186 0.2823 0.4529 1.4797 0.5831 0.6953
6.5628 13.1255 0.3296 0.8086 0.2605 0.2933 0.4326 1.2718 0.5963 0.6850
7.0517 14.1033 0.4764 0.8771 0.2572 0.3553 0.2393 1.3901 0.6172 0.6986
6.5221 13.0442 0.4361 0.8744 0.1370 0.1989 0.4178 1.2522 0.6719 0.7544
7.3627 14.7254 0.6307 0.8569 0.3781 0.4650 0.1523 1.6283 0.5236 0.8019  8
7.3540 14.7079 0.5926 0.9245 0.3983 0.4665 0.1174 1.3680 0.6179 0.9166
7.0406 14.0812 0.4095 0.9165 0.3692 0.4055 0.2009 1.3925 0.6304 0.6212
5.7602 11.5203 0.3536 0.8910 0.2541 0.2483 0.4763 1.4546 0.6649 0.7457
6.7770 13.5540 0.3880 0.8968 0.2229 0.2920 0.2554 1.2470 0.6497 0.7333  12
6.8778 13.7555 0.4315 0.8645 0.2299 0.2633 0.3607 1.4597 0.5370 0.6509  13
7.1999 14.3997 0.5392 0.9379 0.3014 0.4170 0.1897 1.3613 0.6989 0.8431
7.4231 14.8463 0.5073 0.8793 0.2889 0.3818 0.2151 1.4532 0.5902 0.7405
6.9569 13.9138 0.3025 0.8386 0.1835 0.2407 0.5278 1.6060 0.4575 0.5105  16
6.7636 13.5273 0.3284 0.8288 0.1760 0.2226 0.5289 1.7355 0.5098 0.5570
5.9449 11.8898 0.3637 0.8161 0.2202 0.2808 0.2665 1.5652 0.6882 0.7234
6.5205 13.0409 0.3555 0.8313 0.2641 0.3256 0.1258 1.6343 0.6368 0.8076
7.7084 15.4168 0.4081 0.8739 0.2010 0.3911 0.2589 0.5354 0.5301 0.6156
7.3834 14.7667 0.5944 0.9323 0.3152 0.4703 0.1809 1.2081 0.6821 0.7855
均值
6.8575 13.7150 0.4396 0.8720 0.2631 0.3235 0.3173 1.3896 0.5996 0.7088

convsr-------------------------
7.1177 14.2354 0.5152 0.8336 0.1422 0.3205 0.1224 1.0610 0.5984 0.6941  1
7.0047 14.0093 0.6331 0.8645 0.1803 0.2977 0.1174 1.1024 0.5771 0.7957
6.4506 12.9013 0.5608 0.8976 0.1478 0.3090 0.0578 1.1833 0.7844 0.8262
6.9448 13.8896 0.6958 0.8746 0.2105 0.3581 0.0533 1.2424 0.7263 0.8488
6.5287 13.0573 0.5303 0.8189 0.1491 0.4114 0.0741 1.0259 0.6925 0.7729
7.1945 14.3891 0.5987 0.8833 0.1512 0.3830 0.0674 1.2949 0.6653 0.7406
6.7587 13.5175 0.5789 0.9062 0.1225 0.2351 0.1011 1.1092 0.7504 0.8251
7.5614 15.1228 0.7217 0.8729 0.3061 0.5144 0.0348 1.4403 0.5646 0.8834  8
7.4899 14.9799 0.6786 0.9335 0.2764 0.4840 0.0500 1.2033 0.6254 0.9218
7.3117 14.6235 0.5585 0.9250 0.2207 0.4573 0.0363 0.9508 0.6701 0.6136
5.7091 11.4181 0.5998 0.9292 0.1796 0.3875 0.0342 1.1060 0.7982 0.8799
7.0967 14.1934 0.5907 0.9160 0.1388 0.3813 0.0572 1.0417 0.6804 0.7846  12
7.3942 14.7885 0.6026 0.8477 0.1342 0.3424 0.0868 1.3608 0.6042 0.7494  13
7.4249 14.8498 0.6536 0.9487 0.1717 0.4330 0.0438 1.0907 0.7334 0.8594
7.5430 15.0861 0.6337 0.8938 0.1678 0.4186 0.0610 1.3035 0.6362 0.7770
7.4551 14.9102 0.5183 0.8380 0.1065 0.2992 0.1145 1.3820 0.5750 0.6414  16
6.9427 13.8855 0.6345 0.9377 0.1758 0.3835 0.0343 1.2378 0.7112 0.8451
6.7770 13.5539 0.5743 0.8697 0.1443 0.3663 0.0642 1.0954 0.7337 0.7835
7.1623 14.3247 0.5687 0.8294 0.1916 0.4139 0.0732 1.2408 0.5889 0.8195
7.5828 15.1656 0.6542 0.9247 0.1366 0.4097 0.0625 0.4779 0.6186 0.7367
7.4097 14.8194 0.6899 0.9486 0.2275 0.4613 0.0433 1.1795 0.7238 0.8237
均值
7.0886 14.1772 0.6091 0.8902 0.1753 0.3842 0.0662 1.1490 0.6694 0.7915

jsr-------------------------
6.8936 13.7871 0.3503 0.8528 0.1538 0.2113 0.2332 1.7601 0.6073 0.8733  1
6.7644 13.5287 0.6010 0.9100 0.2485 0.2769 0.1804 1.8623 0.6299 0.9688
5.4582 10.9164 0.3492 0.8919 0.1795 0.1812 0.2552 1.9398 0.7420 0.9110
6.8624 13.7249 0.5000 0.8850 0.2141 0.2070 0.3385 1.6366 0.5674 0.6978
6.5166 13.0332 0.3248 0.7863 0.1494 0.2065 0.2725 1.5050 0.6234 0.8322
6.1779 12.3558 0.2953 0.8790 0.1359 0.1841 0.2692 1.7996 0.5692 0.8146
6.5293 13.0586 0.3819 0.9061 0.1345 0.1679 0.3672 1.6355 0.6816 0.9101
7.1251 14.2502 0.4546 0.8481 0.2360 0.2840 0.1873 1.8769 0.4882 0.8122  8
6.5060 13.0121 0.3221 0.8942 0.1600 0.2052 0.2365 1.6172 0.5166 0.8279
6.2133 12.4266 0.2301 0.8904 0.1315 0.1674 0.1910 1.5087 0.5663 0.7665
5.6690 11.3380 0.3997 0.9063 0.1658 0.2447 0.2140 1.8649 0.7350 0.9507
7.1493 14.2987 0.3774 0.9189 0.1686 0.2326 0.2430 1.8818 0.6281 0.9037  12
6.6045 13.2089 0.4092 0.8792 0.1699 0.2205 0.1769 1.8084 0.6280 0.9047  13
6.1612 12.3224 0.2862 0.9397 0.1416 0.1881 0.2668 1.7473 0.6021 0.7932
5.5820 11.1640 0.2739 0.8728 0.1279 0.1744 0.2191 1.6112 0.5299 0.7258
7.1921 14.3842 0.4021 0.8885 0.1591 0.2266 0.2109 1.9001 0.6253 0.8873  16
6.3583 12.7165 0.4382 0.9136 0.1844 0.2469 0.2195 1.9674 0.6682 0.9290
6.4710 12.9421 0.2536 0.8111 0.1322 0.1660 0.4160 1.9165 0.5465 0.8063
6.7751 13.5503 0.3256 0.8299 0.1638 0.2172 0.1880 1.8231 0.5738 0.8803
4.8190 9.6380 0.2607 0.9305 0.1589 0.1895 0.1233 1.3671 0.5890 0.7245
5.8003 11.6006 0.2944 0.9429 0.1364 0.1766 0.2167 1.7342 0.6169 0.8217
均值
6.3633 12.7265 0.3586 0.8846 0.1644 0.2083 0.2393 1.7507 0.6064 0.8448

jsrsd-------------------------
6.8938 13.7876 0.2963 0.8339 0.1315 0.1812 0.3285 1.4382 0.5396 0.7519 1
6.7763 13.5526 0.5817 0.9045 0.2279 0.2642 0.1908 1.7052 0.6237 0.9471
5.6026 11.2052 0.3049 0.8616 0.1489 0.1483 0.4102 1.8620 0.6895 0.8071
7.2645 14.5291 0.4921 0.8408 0.1774 0.1963 0.4151 1.0216 0.4789 0.4966
6.5860 13.1719 0.3002 0.7769 0.1268 0.1712 0.4156 0.8131 0.5458 0.6981
6.4545 12.9090 0.2866 0.8673 0.1303 0.1682 0.3807 1.7797 0.4990 0.7746
6.8786 13.7572 0.3054 0.8832 0.1209 0.1473 0.5800 1.4908 0.5537 0.8188
7.3270 14.6541 0.4292 0.8434 0.2099 0.2565 0.2198 1.8074 0.4687 0.7303  8
7.0878 14.1756 0.3023 0.8805 0.1441 0.1847 0.3383 1.6366 0.4633 0.8210
6.7729 13.5458 0.1967 0.8571 0.1160 0.1443 0.3771 1.4518 0.4357 0.6638
5.6289 11.2578 0.3324 0.8875 0.1372 0.1877 0.3271 1.7316 0.7114 0.9152
7.1984 14.3968 0.3261 0.8932 0.1443 0.2036 0.3419 1.7488 0.5665 0.8329  12
6.7989 13.5978 0.3685 0.8632 0.1454 0.1956 0.2417 1.6447 0.5937 0.8056  13
6.9259 13.8518 0.2660 0.9202 0.1278 0.1653 0.4215 1.7049 0.5025 0.7287
6.4993 12.9987 0.2803 0.8632 0.1285 0.1669 0.3534 1.6206 0.4688 0.7439
7.2934 14.5869 0.3660 0.8653 0.1325 0.2078 0.2801 1.6771 0.5808 0.7446  16
6.5604 13.1209 0.3863 0.8905 0.1553 0.2169 0.3114 1.9126 0.6342 0.8751
6.7012 13.4025 0.2069 0.7895 0.1139 0.1383 0.5818 1.8011 0.4118 0.6789
6.8024 13.6048 0.2680 0.8018 0.1374 0.1824 0.2784 1.5924 0.5021 0.7530
5.5715 11.1431 0.2569 0.9099 0.1461 0.1712 0.2008 1.3722 0.5526 0.7148
6.9258 13.8516 0.2944 0.9166 0.1307 0.1706 0.3762 1.7446 0.5380 0.8249
均值
6.6929 13.3858 0.3261 0.8643 0.1444 0.1842 0.3510 1.5980 0.5410 0.7679

wls-------------------------
6.6160 13.2320 0.4529 0.8847 0.2745 0.3351 0.1621 1.6473 0.7221 0.9318    
6.1387 12.2773 0.5698 0.9161 0.3492 0.3575 0.1352 1.7617 0.6709 0.9385
5.3193 10.6385 0.5107 0.9115 0.3446 0.3636 0.1938 1.9642 0.8577 0.9474
6.8499 13.6999 0.6601 0.9049 0.4062 0.3970 0.2704 1.7983 0.7733 0.9655
6.3152 12.6303 0.4824 0.8503 0.3099 0.3795 0.1862 1.6063 0.7755 0.9504
6.9927 13.9854 0.5150 0.8986 0.3505 0.3843 0.2365 1.8841 0.7145 0.9271
6.6097 13.2193 0.5529 0.9277 0.2218 0.2971 0.1811 1.6017 0.8342 0.9594
7.2118 14.4237 0.6234 0.8471 0.3908 0.4428 0.2820 1.8912 0.5458 0.9400  8
7.1715 14.3430 0.5685 0.9108 0.3874 0.4322 0.2274 1.7103 0.6283 0.9487
7.1230 14.2461 0.4551 0.9250 0.3803 0.4274 0.2370 1.8078 0.6790 0.9109
5.2481 10.4962 0.5226 0.8908 0.3131 0.3837 0.2192 1.8409 0.8213 0.9440
6.9546 13.9092 0.4642 0.9305 0.2890 0.3495 0.2091 1.7430 0.7309 0.9430  12
6.7423 13.4847 0.5112 0.8918 0.2981 0.3464 0.2156 1.8337 0.6917 0.9452  13
7.0140 14.0280 0.5428 0.9354 0.3663 0.4182 0.2494 1.8465 0.7281 0.9405
7.1448 14.2897 0.5329 0.8962 0.3516 0.3960 0.2320 1.7927 0.6724 0.9273
7.1459 14.2918 0.4240 0.8977 0.3236 0.3773 0.2821 1.9191 0.6769 0.9316  16
6.0766 12.1532 0.5067 0.9019 0.3111 0.3763 0.2861 1.9719 0.7361 0.9305
6.1634 12.3268 0.4542 0.8582 0.2977 0.3354 0.2351 1.9439 0.7767 0.9323
6.6435 13.2870 0.4289 0.8453 0.2653 0.3237 0.1929 1.8016 0.6646 0.9519
6.9338 13.8677 0.5161 0.9438 0.3767 0.3979 0.1675 1.4200 0.6810 0.9061
6.9802 13.9604 0.6217 0.9534 0.4261 0.4658 0.2870 1.7807 0.7268 0.9387
均值
6.6379 13.2757 0.5198 0.9010 0.3349 0.3803 0.2232 1.7889 0.7194 0.9386

propose-------------------------
6.3546 12.7092 0.4471 0.8900 0.3586 0.4102 0.0240 1.5402 0.7657 0.9134
6.0319 12.0638 0.5474 0.9204 0.4011 0.4089 0.0520 1.5604 0.6765 0.9200
5.0212 10.0424 0.5333 0.9180 0.4179 0.4026 0.0557 1.9212 0.8756 0.9434
6.3675 12.7349 0.6388 0.9048 0.4670 0.4246 0.0547 1.7200 0.8123 0.9346
5.9790 11.9580 0.4841 0.8606 0.3843 0.4292 0.0219 1.3011 0.8306 0.9529
6.5436 13.0873 0.5004 0.9135 0.4323 0.4357 0.0382 1.7887 0.7705 0.9148
6.2567 12.5135 0.5186 0.9293 0.2986 0.3349 0.0291 1.3897 0.8665 0.9349
6.7920 13.5839 0.6103 0.8567 0.4611 0.4856 0.0601 1.7019 0.5843 0.8804   8
6.8058 13.6116 0.5041 0.9264 0.4505 0.4777 0.0445 1.5272 0.6789 0.8848
6.7421 13.4843 0.4475 0.9327 0.4351 0.4619 0.0436 1.6620 0.7328 0.8785
5.0136 10.0272 0.5282 0.9326 0.3901 0.4293 0.0359 1.7164 0.8609 0.9448
6.6259 13.2518 0.4778 0.9366 0.3723 0.4096 0.0326 1.5619 0.7736 0.9245   12
6.3830 12.7660 0.4896 0.8942 0.3762 0.4086 0.0341 1.6326 0.7322 0.9043   13
6.6092 13.2183 0.5105 0.9516 0.4358 0.4583 0.0441 1.6848 0.7835 0.9036  
6.8763 13.7526 0.5088 0.9067 0.4336 0.4507 0.0368 1.7303 0.7233 0.9050
6.5509 13.1018 0.4585 0.9150 0.3770 0.4143 0.0350 1.8282 0.7275 0.9089   16
5.5895 11.1791 0.5267 0.9284 0.3814 0.4190 0.0497 1.9150 0.7718 0.9194
5.6280 11.2560 0.4919 0.8668 0.3751 0.4059 0.0272 1.8860 0.8317 0.9112
6.2375 12.4749 0.4060 0.8442 0.3598 0.3988 0.0197 1.6851 0.7219 0.9092
6.9433 13.8866 0.5343 0.9461 0.4377 0.4446 0.0526 1.4852 0.7079 0.9240
6.6389 13.2779 0.5985 0.9584 0.4643 0.4823 0.0722 1.6541 0.7729 0.9142
均值
6.2853 12.5705 0.5125 0.9111 0.4052 0.4282 0.0411 1.6615 0.7619 0.9156
