6.6779 13.3558 0.4112 0.8845 0.4304 0.4519 0.0544 0.9697 0.6984 0.7843
6.6205 13.2409 0.3931 0.9167 0.3891 0.3535 0.0803 1.1084 0.6172 0.8953
6.4390 12.8780 0.2997 0.9170 0.3518 0.3450 0.0498 1.1407 0.8297 0.8771
6.4802 12.9604 0.5479 0.8959 0.4443 0.4344 0.0913 0.9751 0.7695 0.8462
6.0205 12.0411 0.4300 0.8603 0.4447 0.4633 0.0515 0.7239 0.7528 0.8460
7.0941 14.1881 0.4387 0.9042 0.4370 0.4453 0.0771 1.0767 0.7195 0.8260
5.8564 11.7128 0.3715 0.9176 0.2890 0.3313 0.0524 0.5546 0.8343 0.8060
6.7781 13.5563 0.5794 0.8359 0.4797 0.5099 0.1233 1.0847 0.5027 0.7073
6.7800 13.5600 0.4873 0.9166 0.4720 0.4843 0.0901 1.1565 0.6298 0.7522
7.1901 14.3801 0.4661 0.9343 0.4720 0.4792 0.1040 1.2000 0.6728 0.8236
5.1975 10.3951 0.5185 0.9352 0.4407 0.4740 0.0731 1.3807 0.8050 0.9324
6.9582 13.9163 0.3139 0.9370 0.3927 0.4256 0.0365 0.7987 0.7008 0.7979
6.5244 13.0489 0.3991 0.8813 0.4114 0.4423 0.0657 0.9240 0.6567 0.7448
6.6217 13.2434 0.4813 0.9402 0.4500 0.4687 0.0912 1.1727 0.7425 0.8095
7.2280 14.4561 0.4755 0.8995 0.4381 0.4618 0.0752 1.1113 0.6718 0.7927
7.5766 15.1532 0.3164 0.9122 0.3961 0.4375 0.0829 1.0506 0.6606 0.8267
6.8735 13.7470 0.2289 0.9244 0.3304 0.3540 0.0328 1.0140 0.6942 0.7923
6.7120 13.4241 0.2891 0.8802 0.3912 0.4087 0.0350 1.0289 0.7676 0.7705
6.5104 13.0209 0.4940 0.8406 0.4622 0.4909 0.0608 1.1066 0.6147 0.8248
6.6015 13.2030 0.4195 0.9143 0.4785 0.4172 0.0929 0.7305 0.6297 0.8281
6.6015 13.2031 0.5574 0.9516 0.4755 0.4805 0.1268 0.9740 0.7320 0.8256
¾ùÖµ
6.6353 13.2707 0.4247 0.9047 0.4227 0.4362 0.0737 1.0134 0.7001 0.8147

gtf-------------------------


