6.4847 12.9693 0.4601 0.9019 0.3244 0.4264 0.0995 1.4815 0.7188 0.8796
6.1586 12.3172 0.5504 0.9214 0.3879 0.4143 0.1541 1.5495 0.6542 0.9156
5.1342 10.2685 0.5551 0.9235 0.3765 0.3901 0.1246 1.9082 0.8563 0.9368
6.4820 12.9641 0.6834 0.9126 0.4800 0.4599 0.1465 1.7063 0.7874 0.9343
6.0169 12.0338 0.4961 0.8699 0.3904 0.4633 0.0965 1.2751 0.7926 0.9437
6.6549 13.3098 0.5239 0.9203 0.4662 0.4609 0.1294 1.7727 0.7278 0.8913
6.3426 12.6852 0.5341 0.9373 0.2484 0.3036 0.1235 1.3501 0.8380 0.9272
6.9390 13.8780 0.6681 0.8744 0.4816 0.5237 0.1601 1.6840 0.5391 0.8790
6.9239 13.8478 0.5867 0.9318 0.4657 0.5035 0.1375 1.4998 0.6255 0.9039
6.8382 13.6764 0.4613 0.9286 0.4742 0.4817 0.1495 1.6605 0.6932 0.8868
5.1904 10.3808 0.5795 0.9381 0.3185 0.4141 0.1043 1.6657 0.8365 0.9421
6.7054 13.4107 0.4913 0.9428 0.3457 0.4187 0.1287 1.5558 0.7391 0.9115
6.4762 12.9524 0.5166 0.9013 0.3669 0.4256 0.1197 1.6261 0.6921 0.8999
6.6581 13.3162 0.5676 0.9520 0.4567 0.4857 0.1358 1.6775 0.7437 0.9011
6.9867 13.9734 0.5376 0.9137 0.4648 0.4747 0.1383 1.7043 0.6759 0.8859
6.6433 13.2866 0.4586 0.9214 0.3804 0.4344 0.1393 1.8243 0.6986 0.9059
5.6941 11.3882 0.5559 0.9369 0.3682 0.4311 0.1600 1.9121 0.7489 0.9154
5.7326 11.4651 0.4923 0.8797 0.3415 0.3959 0.1164 1.8814 0.7988 0.9038
6.4000 12.8000 0.4680 0.8636 0.2979 0.4008 0.0796 1.6163 0.6599 0.9051
6.9834 13.9668 0.5347 0.9442 0.4582 0.4598 0.1549 1.4844 0.6751 0.9124
6.6983 13.3966 0.6177 0.9595 0.4818 0.4954 0.1722 1.6608 0.7417 0.9167
¾ùÖµ
6.3878 12.7756 0.5400 0.9178 0.3988 0.4411 0.1319 1.6427 0.7259 0.9094
dtcwt-------------------------
